dataformat UVA
nlayers 5
nmodules 20
mod_layer 0 0 0 0 1 1 1 1 2 2 2 2 3 3 3 3 4 4 4 4
#mod_x0         -4.20636        -4.22785        -3.58706        -2.98795         4.82379         2.90124        0.927824        0.824607         6.26806         6.48263         4.67345         7.17754        -5.77428        -5.29385        -3.90903        -5.33036
#mod_y0          -768.71        -256.618         255.755         767.359        -770.053        -257.595         254.726          766.44        -762.778        -250.972         259.237         772.882        -771.315        -259.024         253.914         765.208
#mod_z0          15.8491       -0.602389         13.8119        -1.09749         318.229         299.175         317.994         300.668         613.441         597.542          615.46         598.539         916.845         901.126         915.181         897.775
#mod_ax                0               0               0               0               0               0               0               0               0               0               0               0               0               0               0               0
#mod_ay                0               0               0               0               0               0               0               0               0               0               0               0               0               0               0               0
#mod_az                0               0               0               0               0               0               0               0               0               0               0               0               0               0               0               0
#mod_x0         -6.38753        -6.09697        -5.63193        -4.52795         7.17455         4.42286          2.8468         1.70382         8.05147         8.69337         7.27786         10.1828        -7.67383        -7.32048        -6.16037        -7.72486
#mod_y0         -768.919        -257.049         255.509         766.743        -770.627         -258.08         254.156         766.101        -760.216        -248.496         261.321         775.542         -772.76        -260.531         252.635         763.682
#mod_z0          17.2115        -1.05981          13.151        -1.47502         320.044          298.43         321.198         300.066         614.128         595.549         615.868         596.581         917.939         901.268         915.419          897.19
#mod_ax                0               0               0               0               0               0               0               0               0               0               0               0               0               0               0               0
#mod_ay                0               0               0               0               0               0               0               0               0               0               0               0               0               0               0               0
#mod_az                0               0               0               0               0               0               0               0               0               0               0               0               0               0               0               0
#mod_x0         -7.38649        -6.69258        -6.10109        -4.79179         8.23187         4.88394         3.08815         1.81598         8.59192         9.14339         8.99648         10.5168        -8.25426        -7.84649        -7.23808        -8.12505
#mod_y0         -769.109        -257.469         255.232         766.305         -770.56        -257.991         253.675           766.1        -759.309        -247.351         263.056          776.81        -773.291         -261.32         251.652         762.845
#mod_z0          17.8263        -1.75293          13.352        -1.67058         321.609         298.025         323.174         299.329         614.994         594.722         616.699         595.152         918.941         900.775         915.318         896.433
#mod_ax                0               0               0               0               0               0               0               0               0               0               0               0               0               0               0               0
#mod_ay                0               0               0               0               0               0               0               0               0               0               0               0               0               0               0               0
#mod_az                0               0               0               0               0               0               0               0               0               0               0               0               0               0               0               0
#mod_x0         -7.76007        -6.81893        -6.11589        -4.77161         8.43847         4.93641         3.23683         1.81612         8.72356         9.13543         9.47622         10.4544        -8.30133        -7.91027         -7.5234        -8.17429
#mod_y0         -769.053         -257.64         255.103         766.214        -770.491        -257.888         253.426         766.075        -759.144        -247.014         263.936         777.022         -773.33        -261.555         251.167         762.652
#mod_z0          18.4377        -2.45066         14.1215        -2.29736         322.422         297.696          324.53         298.702         615.808         594.244         617.981           594.5         919.962         899.959         915.103         895.655
#mod_ax                0               0               0               0               0               0               0               0               0               0               0               0               0               0               0               0
#mod_ay                0               0               0               0               0               0               0               0               0               0               0               0               0               0               0               0
#mod_az                0               0               0               0               0               0               0               0               0               0               0               0               0               0               0               0
#mod_x0         -8.04873        -6.90327        -5.96793        -4.61305         8.75924         4.95989         3.23862         1.47126         8.57127         9.08939         9.63115         10.5807        -8.21997        -7.91531        -7.60267        -8.20724
#mod_y0         -768.932        -257.615         255.083         766.163        -770.592        -257.891         253.375         766.033        -759.099        -246.922         264.222         777.027        -773.318        -261.613         251.001         762.585
#mod_z0          18.7808        -2.99538         15.0816         -2.4871         322.114         297.267         325.439         299.393         615.014         593.906         618.751          595.74         920.354         899.251         915.197         895.021
#mod_ax       0.00403625     -0.00405472     -0.00353401      0.00522789      0.00836941     0.000382838      -0.0010592      0.00999801       0.0112946     -0.00388754    -0.000427397       0.0143315      0.00441957    -5.48212e-05     -0.00148604      0.00109995
#mod_ay      -0.00213283    -0.000102955    -0.000121986    -0.000372527      0.00257447    -0.000214413     0.000995868     -0.00106363      0.00104053    -0.000749468     0.000521544    -0.000168873    -7.89454e-06    -0.000608526    -0.000530832    -0.000375172
#mod_az      -0.00140304     -0.00223636      -0.0019378     -0.00218647      0.00488288      0.00552835      0.00441968       0.0042958     -0.00232977     -0.00137345      -0.0012857     -0.00176396     0.000113509    -7.80595e-05     0.000440272    -0.000140035
mod_x0         -6.63614        -5.42984        -3.97273        -4.13827         10.4691         5.40908         3.04286        -1.16683          11.059         9.01978         7.37228         5.33383        -4.70945        -8.59501        -11.6522        -16.2831         9.23713         4.14116       -0.772916        -5.73513
mod_y0         -767.918        -257.679         255.089         764.897        -769.765        -257.872         253.236         764.879        -758.094        -247.321         264.061         775.931        -772.225        -262.389          250.68         761.263        -771.914        -261.225         251.077         762.341
mod_z0          17.1031         -16.343         19.5956        -12.9455         321.521         290.639         326.556          293.35         616.501         589.902         623.248         592.341         925.794          893.65         926.063          893.62         1193.75         1224.75         1193.03         1223.13
mod_ax       0.00257006     0.000480994      0.00112677     0.000383432      0.00618424      0.00207499    -0.000552384     0.000660868      0.00645128      0.00216792      0.00137535      0.00281336      0.00515561     0.000534717     0.000399896     0.000193175      0.00550267     -0.00306624     -0.00176148      0.00016496
mod_ay      -0.00153943    -0.000805573     -0.00245779     -0.00470043      0.00211264      -0.0009535     5.83722e-05     -0.00537194    -0.000282383     -0.00379643     -0.00158317     -0.00525909     -0.00203089     -0.00557955     -0.00387381     -0.00695709     -0.00350638     -0.00167905      -0.0049311     -0.00183685
mod_az      -0.00226288     -0.00129733     -0.00129113     -0.00173866      0.00816904       0.0108327      0.00936121      0.00835432      0.00224962       0.0039841      0.00410335      0.00398311      0.00735127      0.00683452      0.00798568      0.00684183       0.0079448      0.00970952       0.0105814      0.00909823
#mod_x0         -7.13598        -5.89425        -4.24065        -4.28953          10.107         5.19243         3.07694       -0.862509         10.6913         9.05884         7.82052         6.16163        -5.22143        -8.32862        -10.8378        -14.9212         8.67651         4.68366        0.345066        -3.83291
#mod_y0         -768.883        -258.698         255.559          766.22        -770.155        -258.395         254.227         766.839        -757.767        -247.449         265.268         778.501         -771.22        -262.248         252.067          764.49        -770.802        -260.612          252.81         766.261
#mod_z0          22.2038         -13.128           22.23        -9.52134         326.116         292.959         328.114         295.021         622.026         591.438         623.256         592.409         934.129         893.588         924.757          891.91         1204.61         1222.51         1195.37          1219.5
#mod_ax      0.000582593     -0.00247571               0    -0.000393527      0.00285682    -0.000857287     0.000507966      0.00138847     -0.00403566    -0.000753044    -0.000688002    -0.000173643      -0.0126986     0.000348522     -0.00439909     -0.00518703       -0.010172     -0.00111607      0.00200252     -0.00596362
#mod_ay     -0.000638164    -0.000531179               0     -0.00521314      0.00280784    -0.000838168     0.000499296     -0.00545356    -0.000540836     -0.00387405     -0.00129165      -0.0047452    -0.000821642     -0.00661288     -0.00401523     -0.00655456    -0.000110963     -0.00167693     -0.00560637     -0.00130651
#mod_az      -0.00200167     -0.00107373               0     -0.00146992      0.00811988        0.010661      0.00925502      0.00838044      0.00149595      0.00307647      0.00286379      0.00302202      0.00563095      0.00493278      0.00699591      0.00460732      0.00411739      0.00446888       0.0056448      0.00459307
mod_nstripsu  1536 1536 1536 1536 1536 1536 1536 1536 1536 1536 1536 1536 1536 1536 1536 1536 1536 1536 1536 1536
mod_nstripsv  1280 1280 1280 1280 1280 1280 1280 1280 1280 1280 1280 1280 1280 1280 1280 1280 1280 1280 1280 1280
mod_uplaneID 0 0 0 0 0 0 0 0 0 0 0 0 0 0 0 0 0 0 0 0
mod_vplaneID  1 1 1 1 1 1 1 1 1 1 1 1 1 1 1 1 1 1 1 1 
mod_ustrip_pitch 0.4 0.4 0.4 0.4 0.4 0.4 0.4 0.4 0.4 0.4 0.4 0.4 0.4 0.4 0.4 0.4 0.4 0.4 0.4 0.4
mod_vstrip_pitch 0.4 0.4 0.4 0.4 0.4 0.4 0.4 0.4 0.4 0.4 0.4 0.4 0.4 0.4 0.4 0.4 0.4 0.4 0.4 0.4
mod_Lx 614.4 614.4 614.4 614.4 614.4 614.4 614.4 614.4 614.4 614.4 614.4 614.4 614.4 614.4 614.4 614.4 614.4 614.4 614.4 614.4
mod_Ly 512.0 512.0 512.0 512.0 512.0 512.0 512.0 512.0 512.0 512.0 512.0 512.0 512.0 512.0 512.0 512.0 512.0 512.0 512.0 512.0
mod_uangle 0 0 0 0 0 0 0 0 0 0 0 0 0 0 0 0 0 0 0 0 
mod_vangle 90.0 90.0 90.0 90.0 90.0 90.0 90.0 90.0 90.0 90.0 90.0 90.0 90.0 90.0 90.0 90.0 90.0 90.0 90.0 90.0
#
#mod_Ygain  0   10     0.816701  0.838407  0.845725  0.825452  0.879451  0.942685  0.932978  0.897629  0.924304  0.984735  
#mod_Xgain  0   12     1  1.01414  1.01869  1.06506  1.11143  1.08418  1.10574  1.12231  1.02899  1.07798  1.0076  1.12943  
#mod_Ygain  1   10     1.01449  0.96466  0.931295  0.899678  0.799888  0.808886  0.864325  0.928044  0.941055  0.970771  
#mod_Xgain  1   12     1  0.989134  1.07652  1.05275  1.06893  1.05127  1.07639  1.11138  1.05496  1.08182  1.02895  1.06089  
#mod_Ygain  2   10     0.936551  0.969209  0.922337  0.950659  0.887202  0.898311  0.888877  0.891002  0.907031  0.932495  
#mod_Xgain  2   12     1  1.02942  1.0411  0.98282  1.0325  1.05096  1.12939  1.13068  1.08419  1.03904  1  1  
#mod_Ygain  3   10     0.832488  0.85527  0.869053  0.851659  0.872476  0.872051  0.826945  0.837495  0.85047  0.844918  
#mod_Xgain  3   12     1  1.04174  1.08241  1.12072  1.14228  1.05588  1.08941  1.03902  1.07724  1.0272  1  1  
#mod_Ygain  4   10     0.70598  0.622285  0.644544  0.662307  0.628832  0.686233  0.694196  0.683407  0.687095  0.707547  
#mod_Xgain  4   12     1  0.951028  1.03997  1.10433  1.06527  1.11881  1.12367  1.04564  0.942885  1  1  1  
#mod_Ygain  5   10     0.759549  0.673614  0.614931  0.618613  0.671749  0.674292  0.718271  0.712827  0.797855  0.75375  
#mod_Xgain  5   12     1  0.718272  0.877461  0.981634  1.11965  1.05318  1.1164  1.14881  1.15935  1.11104  1.23445  1.15369  
#mod_Ygain  6   10     0.699437  0.412994  0.380264  0.394157  0.455591  0.503798  0.702022  0.643348  0.625116  0.650393  
#mod_Xgain  6   12     1  0.892807  0.912322  0.878496  0.930179  0.930258  0.943181  0.961075  0.921691  0.932985  0.899293  0.517539  
#mod_Ygain  7   10     0.80735  0.804699  0.787968  0.827153  0.820545  0.826239  0.810031  0.799375  0.827414  0.835504  
#mod_Xgain  7   12     1  1.15407  1.11334  1.15268  1.15427  1.18859  1.09134  1.04897  0.860518  0.743293  1  1  
#mod_Ygain  8   10     0.724791  0.736715  0.72076  0.750205  0.755003  0.73666  0.746062  0.768048  0.73673  0.726731  
#mod_Xgain  8   12     1  0.94697  1.03177  1.12611  1.11355  1.11844  1.1093  1.07769  1.13411  1.09868  1  1  
#mod_Ygain  9   10     0.808029  1.03842  0.963901  0.950969  1.01129  1.01236  0.987217  1.00157  0.784333  0.80066  
#mod_Xgain  9   12     1  0.943272  0.999752  1.07625  1.07873  1.09916  1.0638  1.06922  0.976706  1.07318  1  1  
#mod_Ygain  10   10     0.473276  0.636089  0.702506  0.659286  0.637142  0.669752  0.479251  0.407915  0.431943  0.434609  
#mod_Xgain  10   12     1  0.905614  0.884817  0.92792  0.96037  0.966257  0.924238  0.90131  0.972447  0.916412  0.875196  1.1762  
#mod_Ygain  11   10     0.882805  0.833011  0.843127  0.823805  0.874535  0.821345  0.907313  0.83912  0.8691  0.814722  
#mod_Xgain  11   12     1  1.01984  1.03004  1.06431  1.06576  1.15967  1.13338  1.04973  1.01859  1  1  1  
#mod_Ygain  12   10     0.743079  0.759221  0.783326  0.800168  0.748171  0.77382  0.761519  0.729755  0.696739  0.768338  
#mod_Xgain  12   12     1  1.04124  1.12328  1.05848  1.11305  1.08739  1.11175  1.14386  1  1  1  1  
#mod_Ygain  13   10     0.412683  0.454795  0.458484  0.42901  0.479752  0.50722  0.51147  0.503532  0.408951  0.367674  
#mod_Xgain  13   12     1  0.591279  0.698253  0.802126  0.944981  0.95286  0.985455  0.877938  0.758806  0.87927  0.86696  0.940605  
#mod_Ygain  14   10     0.465861  0.575192  0.514582  0.597668  0.599158  0.584363  0.48406  0.413766  0.449431  0.438924  
#mod_Xgain  14   12     1  0.900424  0.986725  0.955084  0.975879  0.940901  0.914494  0.952924  0.885445  0.700555  0.631292  0.722694  
#mod_Ygain  15   10     0.590265  0.656054  0.594557  0.666412  0.626643  0.667663  0.633479  0.644327  0.622472  0.643105  
#mod_Xgain  15   12     1  1.01338  1.06699  1.15805  1.07496  1.08987  1.00333  0.90066  1  1  1  1  
#mod_Ygain  16   10     0.385189  0.372396  0.41823  0.392785  0.389953  0.390214  0.400038  0.396166  0.358521  0.415132  
#mod_Xgain  16   12     1  0.774458  0.876354  0.954889  0.989734  0.899065  0.89824  1  1  1  1  1  
#mod_Ygain  17   10     0.722759  0.693873  0.697588  0.651783  0.801764  0.819472  0.678262  0.645283  0.71909  0.643486  
#mod_Xgain  17   12     1  0.726474  0.878207  0.993965  1.07484  1.09718  1.09915  1.10157  1.12781  1.16341  1.17791  1.13798  
#mod_Ygain  18   10     0.734176  0.700147  0.693824  0.690801  0.681096  0.687276  0.73168  0.763004  0.784141  0.754349  
#mod_Xgain  18   12     1  1.15394  1.13033  1.10288  1.08273  1.08336  1.04676  1.10112  1.10444  0.984862  1.14565  1  
#mod_Ygain  19   10     0.54818  0.611545  0.58625  0.630735  0.600586  0.640034  0.605447  0.611833  0.570802  0.615376  
#mod_Xgain  19   12     1  1.08909  1.05939  1.06843  1.08028  1.04596  1.00885  1.0207  0.896048  1  1  1  
#
eventdisplay 0
maxstripsperclusterX 10
maxstripsperclusterY 10
maxcor_threshold  -1.1
stripcor_threshold -1.1
clustcor_threshold -1.1
clust2D_ADCasymcut 1.1
clust2D_dTcut 1000.0
#threshold_maxsample 0.0
#threshold_stripsum 0.0
#threshold_clustersum 0.0
threshold_maxsample 50.0
threshold_stripsum  100.0
threshold_clustersum 250.0
trackchi2cut 300.0
trackmaxradius 30.0 # mm, max radial separation between hit and projection of track from previous layers to add hit to track.
trackmaxslopeX 1.0
trackmaxslopeY 1.0
#maxADCXYthreshold 1000.0
tstripcut_nsigma 10000.0
#NMAX 100000000
NMAX 20000
TrackingAlgorithm 2
maxhitcombos 10000
NMAX 10000000
eventdisplay 1
firstevent 15000
endconfig
