nlayers 5
nmodules 20
mod_layer 0 0 0 0 1 1 1 1 2 2 2 2 3 3 3 3 4 4 4 4 
fixmod 0 0 0 0   0 0 0 0   0 1 0 0    0 0 0 0    0 0 0 0
mod_nstripsu  1536 1536 1536 1536 1536 1536 1536 1536 1536 1536 1536 1536 1536 1536 1536 1536 1536 1536 1536 1536
mod_nstripsv  1280 1280 1280 1280 1280 1280 1280 1280 1280 1280 1280 1280 1280 1280 1280 1280 1280 1280 1280 1280
mod_uplaneID 0 0 0 0 0 0 0 0 0 0 0 0 0 0 0 0 0 0 0 0
mod_vplaneID  1 1 1 1 1 1 1 1 1 1 1 1 1 1 1 1 1 1 1 1 
mod_ustrip_pitch 0.4 0.4 0.4 0.4 0.4 0.4 0.4 0.4 0.4 0.4 0.4 0.4 0.4 0.4 0.4 0.4 0.4 0.4 0.4 0.4
mod_vstrip_pitch 0.4 0.4 0.4 0.4 0.4 0.4 0.4 0.4 0.4 0.4 0.4 0.4 0.4 0.4 0.4 0.4 0.4 0.4 0.4 0.4
mod_Lx 614.4 614.4 614.4 614.4 614.4 614.4 614.4 614.4 614.4 614.4 614.4 614.4 614.4 614.4 614.4 614.4 614.4 614.4 614.4 614.4
mod_Ly 512.0 512.0 512.0 512.0 512.0 512.0 512.0 512.0 512.0 512.0 512.0 512.0 512.0 512.0 512.0 512.0 512.0 512.0 512.0 512.0
mod_uangle 0 0 0 0 0 0 0 0 0 0 0 0 0 0 0 0 0 0 0 0 
mod_vangle 90.0 90.0 90.0 90.0 90.0 90.0 90.0 90.0 90.0 90.0 90.0 90.0 90.0 90.0 90.0 90.0 90.0 90.0 90.0 90.0
offsetsonly 0
rotationsonly 0
#refmod 10
fixz 0
fixax 0
fixay 0
fixaz 0
niter 10000
mod_x0          14.9185         8.86356          6.0899         4.69278         14.1028          12.577         13.9325         15.4689        0.226594               0         3.30312         7.06139         7.31564         1.59903       -0.818487        -3.34817         22.6593          15.697         10.8891         8.05606
mod_y0         -787.559         -275.25         237.015         748.143        -769.276        -257.675         254.199         765.275        -762.012            -250         261.656          772.56        -777.787        -267.384         245.519         756.705          -781.7        -271.343         241.532         752.495
mod_z0          7.71452        -24.8694         7.23717        -30.2247         288.818         323.445         291.588          319.08         631.604             600         632.216         598.504         948.608         913.319         945.309          908.38         1225.51         1255.66         1220.89         1248.49
mod_ax      0.000693506     -0.00198103     -0.00357622     -0.00567454     0.000145587     -0.00187416      -0.0013798     -0.00626824      0.00272261               0     -0.00168785     -0.00463759    -0.000313148     -0.00245708      -0.0055188     -0.00745984     -0.00213525     -0.00455379     -0.00702687      -0.0101686
mod_ay      0.000269819      0.00122142       0.0106802       0.0141715     0.000499923     0.000964752       0.0118703       0.0120085     6.41122e-05               0       0.0120424       0.0139549      0.00160519     -0.00333805       0.0110224      0.00744027    -0.000448404      0.00261027       0.0079977       0.0103023
mod_az         0.010851        0.012232      0.00349652      0.00452367      0.00332282      0.00342702     -0.00293808     -0.00386243     3.44117e-05               0     -0.00561383     -0.00754889       0.0110525      0.00973707      0.00384247      0.00320084       0.0124308       0.0131543      0.00682789      0.00635242
minchi2change   2.e-4
endconfig
TrackChi2NDF<100&&TrackNhits==5&&Ntracks==1
endcut
