dataformat INFN
nlayers 4
nmodules 12
mod_layer 2 2 2 0 0 0 3 3 3 1 1 1
# X, Y, and Z offsets are given in mm:
# Original offsets:
#mod_y0  1.234 1.284 4.639  -9.616  -10.53  -9.807 -7.019  -10.89  -14.89  3.496  3.241  2.296
#mod_x0  -512.0 0 512.0 -512.0 0 512.0 -512.0 0 512.0 -512.0 0 512.0
#mod_x0  -509 3 515 -515 -3 509 -515 -3 509 -509 3 515  
#mod_x0 -515 0 515 -515 0 515 -515 0 515 -515 0 515 
#mod_x0  -509 6 521 -515 0 515 -515 0 515 -509 6 521 
#mod_y0         -2.76467        -3.97415        -4.14353        -8.03633        -7.51945         -6.0849        -3.61273        -6.85979        -9.13072         2.83838   1.82555         1.45205
#mod_z0  759.0 759.0 759.0  0.0 0.0 0.0 1158.0 1158.0 1158.0 404.0 404.0 404.0
#mod_ax 0 0 0 0 0 0 0 0 0 0 0 0
#mod_ay 0 0 0 0 0 0 0 0 0 0 0 0
#mod_az 0 0 0 0 0 0 0 0 0 0 0 0
#mod_x0         -524.831         5.93816         537.805        -530.711               0         531.043        -531.483       -0.332083          531.75        -525.923         5.72717         536.606
#mod_y0         -3.26482        -3.69838        -3.82832        -10.9443        -7.51945        -4.67911        -2.90526        -6.49233        -9.37463         1.48551         1.96867         2.26923
#mod_z0          762.988         762.464         762.084       -0.623943               0       -0.681782         1167.63         1168.39         1169.18         404.406         404.749         403.847
#mod_ax                0               0               0               0               0               0               0               0               0               0               0               0
#mod_ay                0               0               0               0               0               0               0               0               0               0               0               0
#mod_az                0               0               0               0               0               0               0               0               0               0               0               0
#
#mod_x0         -528.402         5.98762         542.208        -533.951               0         535.531        -535.262       -0.393793         536.304        -529.606         5.73879         540.853
#mod_y0         -3.71481         -3.9064        -3.90178         -11.005        -7.51945        -4.52744        -3.34444        -6.73383        -9.62215         1.26767         1.85305         2.33078
#mod_z0           765.06         765.322         764.717       -0.762562               0       -0.692494         1172.01         1173.37         1174.48         405.315         406.042         405.415
#mod_ax                0               0               0               0               0               0               0               0               0               0               0               0
#mod_ay                0               0               0               0               0               0               0               0               0               0               0               0
#mod_az                0               0               0               0               0               0               0               0               0               0               0               0
#mod_x0         -528.513         5.90814         542.023         -533.96               0         535.565        -535.655       -0.870894         535.828        -529.583         5.71357          540.79
#mod_y0        -0.251978        -4.12631        -7.58198         -9.2986        -7.51945        -6.34126        0.998965        -7.00802        -14.2174         3.55995         1.73392       -0.478942
#mod_z0          764.398         765.208          766.24        -1.80889               0         0.28947         1171.33         1173.28         1176.21         404.476         406.091         406.581
#mod_ax       0.00442974      0.00455958      0.00394125     0.000897345               0        0.002303      0.00135923     0.000779568    -3.20891e-05      0.00374979      0.00213151      0.00190679
#mod_ay      0.000906071     -0.00113691     -0.00402311      -0.0027246               0     -0.00106907     -0.00156133     -0.00216677     -0.00859282    -0.000257602     -0.00369011     -0.00252306
#mod_az      -0.00827436     -0.00656264     -0.00601736      0.00279305               0      0.00203389      -0.0144701      -0.0167639      -0.0123637     -0.00193779     -0.00418534     -0.00554553
#mod_x0         -528.532         5.79507          541.88        -533.908               0         535.455        -535.561       -0.800552          535.77        -529.631         5.62707         540.658
#mod_y0          3.26542         4.10556         4.72094         10.8613         7.51945         4.76983         2.78178         7.02082         10.7694        -1.53028        -1.75227        -1.77092
#mod_z0           765.04         765.515         765.207        -1.07251               0       -0.632161         1171.89         1173.61         1175.12         405.135         406.191          405.72
#mod_ax       -0.0011449     -0.00301422     -0.00273466     0.000821321               0      -0.0045121     0.000105905     0.000376925    -0.000988426     -0.00109931     -0.00207386     -0.00223715
#mod_ay       0.00124113     0.000514016     2.42461e-05    -0.000630146               0     0.000447328    -0.000655963     -0.00200716     -0.00106437     0.000524981     -0.00092194     0.000201614
#mod_az      0.000957423     0.000831204    -0.000346448     -0.00578019               0     -0.00542865        0.004312      0.00914115      0.00379791     -0.00272784     0.000453491     0.000100485
#mod_x0         -528.524         5.87569         541.983            -534      0.00661903         535.623        -535.606       -0.926278         535.716        -529.657          5.6687         540.771
#mod_y0          2.33308         4.11619         5.60544         11.4909         7.51434          4.2495         1.07372         7.00042         12.2844         -1.4306        -1.75194        -1.55548
#mod_z0           765.19         765.491         764.961        -1.14659       0.0307099       -0.980481         1171.97         1173.62         1174.91         405.278         406.255         405.381
#mod_ax       -0.0037255     -0.00501149     -0.00506655     -0.00193352    -0.000556235     -0.00204301     -0.00135651     -0.00088255     -0.00174632     -0.00393197     -0.00297314     -0.00263602
#mod_ay       0.00110322     0.000808765    -1.16286e-05    -0.000977249      0.00105813      0.00127584     -0.00137897     -0.00102287     -0.00344487     0.000789275     -0.00181769     0.000650521
#mod_az       0.00434619      0.00240075      0.00262653     -0.00651154     -0.00503773     -0.00541121       0.0104994       0.0126604      0.00904974     -0.00191642     -0.00035583      0.00211726
#mod_x0         -528.513         5.88539         541.959        -534.011      0.00663925         535.632        -535.594       -0.916761         535.675        -529.651         5.66748         540.764
#mod_y0           2.2931         4.11392         5.64306         11.5507         7.51723         4.19439        0.976671         6.99624         12.3536        -1.41803        -1.75451        -1.55807
#mod_z0          765.112         765.491         764.916        -1.21448       0.0912327        -1.01847         1171.84         1173.62          1174.9         405.223         406.283         405.342
#mod_ax      -0.00426914     -0.00547904     -0.00565019     -0.00273876    -0.000683344     -0.00202002     -0.00195673      -0.0013201     -0.00238298     -0.00459984     -0.00335077     -0.00324447
#mod_ay      0.000892101     0.000708062     0.000195876     -0.00132307      0.00125447      0.00132326     -0.00195239    -0.000836686     -0.00376056     0.000575267     -0.00197006     0.000932424
#mod_az       0.00463557      0.00230502      0.00292405     -0.00635819     -0.00605757     -0.00528087        0.010997       0.0126737      0.00948304     -0.00171786     -0.00070329      0.00235785
#mod_x0         -528.512         5.88409         541.956        -534.014      0.00791206          535.63        -535.601       -0.914776         535.679        -529.653          5.6691         540.769
#mod_y0          2.29212          4.1129         5.63797         11.5528         7.51718         4.19459        0.976544         6.99793          12.359        -1.42091        -1.75425        -1.55606
#mod_z0          765.077         765.474         764.911        -1.22445       0.0934058        -1.00214         1171.87         1173.65         1174.92          405.24         406.291         405.297
#mod_ax      -0.00450854     -0.00546405     -0.00572972     -0.00269409    -0.000721995     -0.00200549     -0.00198698     -0.00132322      -0.0023666     -0.00470113     -0.00326954     -0.00320377
#mod_ay       0.00076891     0.000669011     0.000166496     -0.00139444      0.00132493      0.00127395     -0.00186258    -0.000832273     -0.00392451     0.000710368     -0.00197259      0.00110462
#mod_az       0.00465572      0.00232031      0.00290596     -0.00636374     -0.00609416      -0.0052837       0.0110088       0.0126753      0.00949187     -0.00169306    -0.000713985      0.00237458
#
#mod_x0         -528.512         5.88306         541.956        -534.014      0.00917733         535.628          -535.6       -0.912606         535.678        -529.653         5.66906          540.77
#mod_y0          2.29223         4.11089         5.63791         11.5535         7.51842         4.19648        0.975417         6.99713         12.3632        -1.42193        -1.75539        -1.56068
#mod_z0          765.069         765.462         764.891        -1.21944        0.103655       -0.987102         1171.86         1173.66         1174.93         405.239         406.284         405.281
#mod_ax      -0.00454314     -0.00541366      -0.0056407     -0.00264065    -0.000714994     -0.00196174     -0.00207574     -0.00139885     -0.00233562     -0.00474806     -0.00331523     -0.00325673
#mod_ay      0.000653347     0.000619628     0.000240236     -0.00143995      0.00131405      0.00117217     -0.00197243    -0.000800168     -0.00396117     0.000698194     -0.00199262       0.0011365
#mod_az       0.00468349      0.00232808      0.00291442     -0.00635689     -0.00611555     -0.00527714       0.0110142       0.0126749       0.0094969     -0.00169482    -0.000730463      0.00236582
#mod_x0         -528.578          5.8723         541.961        -534.028      0.00368581         535.615        -535.702       -0.925858           535.7        -529.691         5.65712         540.766
#mod_y0          2.34337         4.18976         5.71683          11.541         7.50423         4.15973         1.06327         7.12555         12.5033        -1.39939        -1.72066        -1.53747
#mod_z0            765.2          765.67         765.233        -1.62905       -0.152792        -1.18589         1172.28         1174.19         1175.56         405.099         406.267         405.352
#mod_ax      -0.00503575     -0.00571916     -0.00592716     -0.00301015     -0.00102204     -0.00208252     -0.00249674     -0.00174048     -0.00262026     -0.00518854     -0.00358841     -0.00350899
#mod_ay      0.000534215     0.000425631    -4.90182e-05     -0.00187932      0.00131352      0.00112622     -0.00247112    -0.000745601     -0.00449098     0.000591191     -0.00220491     0.000921875
#mod_az       0.00483013      0.00232851      0.00292976     -0.00625253     -0.00625602     -0.00527931       0.0111965       0.0126876      0.00953265     -0.00157956    -0.000798461       0.0023698
mod_x0         -528.689         5.77541          541.88        -533.958       0.0933161         535.716        -535.906        -1.11811         535.524        -529.731         5.63792         540.755
mod_y0          3.18059         4.15546         4.78654          12.452         7.55138         3.30695         1.88649         7.06458         11.5452       -0.524772         -1.7185        -2.43342
mod_z0          765.311         765.603         765.068        -1.43251         -0.1601        -1.36538         1172.38         1174.08         1175.35          405.22         406.223         405.177
mod_ax      -0.00165859     -0.00226304     -0.00232085     0.000423162      0.00237697      0.00153331      0.00104892      0.00189396      0.00105727     -0.00163457     9.83663e-06     0.000116854
mod_ay      0.000854345     0.000790437    -1.27052e-05      -0.0015089      0.00166494      0.00170374     -0.00172768    -0.000584401     -0.00438186      0.00103391     -0.00186977     0.000937007
mod_az       0.00316865     0.000655944      0.00125604      -0.0079139     -0.00790398     -0.00693929      0.00954861       0.0110422      0.00787853     -0.00325216      -0.0024443     0.000678701
# going forward, more of the module geometry is configurable: "u" = X and "v" = Y
mod_nstripsu  1280 1280 1280 1280 1280 1280 1280 1280 1280 1280 1280 1280
mod_nstripsv  1024 1024 1024 1024 1024 1024 1024 1024 1024 1024 1024 1024
# for the "u = X, v = Y" convention, the planeID = 1, 0, for u, v
mod_uplaneID 1 1 1 1 1 1 1 1 1 1 1 1
mod_vplaneID 0 0 0 0 0 0 0 0 0 0 0 0
mod_ustrip_pitch 0.4 0.4 0.4 0.4 0.4 0.4 0.4 0.4 0.4 0.4 0.4 0.4
mod_vstrip_pitch 0.4 0.4 0.4 0.4 0.4 0.4 0.4 0.4 0.4 0.4 0.4 0.4
mod_Lx 512.0 512.0 512.0 512.0 512.0 512.0 512.0 512.0 512.0 512.0 512.0 512.0
mod_Ly 410.0 410.0 410.0 410.0 410.0 410.0 410.0 410.0 410.0 410.0 410.0 410.0
# u strip angle relative to X axis: under u = X, v = Y convention, uangle = 0 and vangle=90
mod_uangle 0.0 0.0 0.0 0.0 0.0 0.0 0.0 0.0 0.0 0.0 0.0 0.0
# Setting the "V" strip angle to -90 degrees amounts to reversing the direction of the Y axis (I hope):
mod_vangle -90.0 -90.0 -90.0 -90.0 -90.0 -90.0 -90.0 -90.0 -90.0 -90.0 -90.0 -90.0
# default all to one:
#mod_RYX	  1 1 1 1 1 1 1 1 1 1 1 1 
mod_RYX           1.13668       0.96991       1.06464       1.16018      0.943958      0.886931       1.00158       1.36454       1.12082      0.991578       1.00692       1.06586 
eventdisplay 0
clustersigma 0.4
clustertau 54.0
varyclustersigma 0
varyclustertau 0
maxstripsperclusterX 11
maxstripsperclusterY  9
# thresholds for "pruning" strips and clusters (not necessarily discarding):
maxcor_threshold  -1.1
stripcor_threshold -1.1
clustcor_threshold -1.1
clust2D_ADCasymcut 1.1
clust2D_dTcut 1000.0
#threshold_maxsample 50.0
#threshold_stripsum 200.0
#threshold_clustersum 600.0
threshold_maxsample 50.0
threshold_stripsum  200.0
threshold_clustersum 500.0
trackchi2cut 200.0
trackmaxradius 30.0 # mm, max radial separation between hit and projection of track from previous layers to add hit to track.
trackmaxslopeX 1.0
trackmaxslopeY 0.35
maxADCXYthreshold 5000.0
tstripcut_nsigma 5.0
NMAX 1000000
reusestripsflag 1
TrackingAlgorithm 2
maxneighborsx 5
maxneighborsy 4
maxhitcombos 10000
firstevent 0
endconfig
