nlayers 4
nmodules 16
mod_layer 0 0 0 0 1 1 1 1 2 2 2 2 3 3 3 3
#mod_x0         -4.20636        -4.22785        -3.58706        -2.98795         4.82379         2.90124        0.927824        0.824607         6.26806         6.48263         4.67345         7.17754        -5.77428        -5.29385        -3.90903        -5.33036
#mod_y0          -768.71        -256.618         255.755         767.359        -770.053        -257.595         254.726          766.44        -762.778        -250.972         259.237         772.882        -771.315        -259.024         253.914         765.208
#mod_z0          15.8491       -0.602389         13.8119        -1.09749         318.229         299.175         317.994         300.668         613.441         597.542          615.46         598.539         916.845         901.126         915.181         897.775
#mod_ax                0               0               0               0               0               0               0               0               0               0               0               0               0               0               0               0
#mod_ay                0               0               0               0               0               0               0               0               0               0               0               0               0               0               0               0
#mod_az                0               0               0               0               0               0               0               0               0               0               0               0               0               0               0               0
#mod_x0         -6.38753        -6.09697        -5.63193        -4.52795         7.17455         4.42286          2.8468         1.70382         8.05147         8.69337         7.27786         10.1828        -7.67383        -7.32048        -6.16037        -7.72486
#mod_y0         -768.919        -257.049         255.509         766.743        -770.627         -258.08         254.156         766.101        -760.216        -248.496         261.321         775.542         -772.76        -260.531         252.635         763.682
#mod_z0          17.2115        -1.05981          13.151        -1.47502         320.044          298.43         321.198         300.066         614.128         595.549         615.868         596.581         917.939         901.268         915.419          897.19
#mod_ax                0               0               0               0               0               0               0               0               0               0               0               0               0               0               0               0
#mod_ay                0               0               0               0               0               0               0               0               0               0               0               0               0               0               0               0
#mod_az                0               0               0               0               0               0               0               0               0               0               0               0               0               0               0               0
#mod_x0         -7.38649        -6.69258        -6.10109        -4.79179         8.23187         4.88394         3.08815         1.81598         8.59192         9.14339         8.99648         10.5168        -8.25426        -7.84649        -7.23808        -8.12505
#mod_y0         -769.109        -257.469         255.232         766.305         -770.56        -257.991         253.675           766.1        -759.309        -247.351         263.056          776.81        -773.291         -261.32         251.652         762.845
#mod_z0          17.8263        -1.75293          13.352        -1.67058         321.609         298.025         323.174         299.329         614.994         594.722         616.699         595.152         918.941         900.775         915.318         896.433
#mod_ax                0               0               0               0               0               0               0               0               0               0               0               0               0               0               0               0
#mod_ay                0               0               0               0               0               0               0               0               0               0               0               0               0               0               0               0
#mod_az                0               0               0               0               0               0               0               0               0               0               0               0               0               0               0               0
mod_x0         -7.76007        -6.81893        -6.11589        -4.77161         8.43847         4.93641         3.23683         1.81612         8.72356         9.13543         9.47622         10.4544        -8.30133        -7.91027         -7.5234        -8.17429
mod_y0         -769.053         -257.64         255.103         766.214        -770.491        -257.888         253.426         766.075        -759.144        -247.014         263.936         777.022         -773.33        -261.555         251.167         762.652
mod_z0          18.4377        -2.45066         14.1215        -2.29736         322.422         297.696          324.53         298.702         615.808         594.244         617.981           594.5         919.962         899.959         915.103         895.655
mod_ax                0               0               0               0               0               0               0               0               0               0               0               0               0               0               0               0
mod_ay                0               0               0               0               0               0               0               0               0               0               0               0               0               0               0               0
mod_az                0               0               0               0               0               0               0               0               0               0               0               0               0               0               0               0
mod_nstripsu  1536 1536 1536 1536 1536 1536 1536 1536 1536 1536 1536 1536 1536 1536 1536 1536
mod_nstripsv  1280 1280 1280 1280 1280 1280 1280 1280 1280 1280 1280 1280 1280 1280 1280 1280
mod_uplaneID 0 0 0 0 0 0 0 0 0 0 0 0 0 0 0 0
mod_vplaneID  1 1 1 1 1 1 1 1 1 1 1 1 1 1 1 1 
mod_ustrip_pitch 0.4 0.4 0.4 0.4 0.4 0.4 0.4 0.4 0.4 0.4 0.4 0.4 0.4 0.4 0.4 0.4
mod_vstrip_pitch 0.4 0.4 0.4 0.4 0.4 0.4 0.4 0.4 0.4 0.4 0.4 0.4 0.4 0.4 0.4 0.4
mod_Lx 614.4 614.4 614.4 614.4 614.4 614.4 614.4 614.4 614.4 614.4 614.4 614.4 614.4 614.4 614.4 614.4
mod_Ly 512.0 512.0 512.0 512.0 512.0 512.0 512.0 512.0 512.0 512.0 512.0 512.0 512.0 512.0 512.0 512.0
mod_uangle 0 0 0 0 0 0 0 0 0 0 0 0 0 0 0 0
mod_vangle 90.0 90.0 90.0 90.0 90.0 90.0 90.0 90.0 90.0 90.0 90.0 90.0 90.0 90.0 90.0 90.0
offsetsonly 0
rotationsonly 0
refmod -1
fixz 0
fixax 0
fixay 0
fixaz 0
endconfig
TrackChi2NDF<500&&TrackNhits==4
endcut
