nlayers 5
nmodules 20
mod_layer 0 0 0 0 1 1 1 1 2 2 2 2 3 3 3 3 4 4 4 4 
#mod_x0         -4.20636        -4.22785        -3.58706        -2.98795         4.82379         2.90124        0.927824        0.824607         6.26806         6.48263         4.67345         7.17754        -5.77428        -5.29385        -3.90903        -5.33036
#mod_y0          -768.71        -256.618         255.755         767.359        -770.053        -257.595         254.726          766.44        -762.778        -250.972         259.237         772.882        -771.315        -259.024         253.914         765.208
#mod_z0          15.8491       -0.602389         13.8119        -1.09749         318.229         299.175         317.994         300.668         613.441         597.542          615.46         598.539         916.845         901.126         915.181         897.775
#mod_ax                0               0               0               0               0               0               0               0               0               0               0               0               0               0               0               0
#mod_ay                0               0               0               0               0               0               0               0               0               0               0               0               0               0               0               0
#mod_az                0               0               0               0               0               0               0               0               0               0               0               0               0               0               0               0
#mod_x0         -6.38753        -6.09697        -5.63193        -4.52795         7.17455         4.42286          2.8468         1.70382         8.05147         8.69337         7.27786         10.1828        -7.67383        -7.32048        -6.16037        -7.72486
#mod_y0         -768.919        -257.049         255.509         766.743        -770.627         -258.08         254.156         766.101        -760.216        -248.496         261.321         775.542         -772.76        -260.531         252.635         763.682
#mod_z0          17.2115        -1.05981          13.151        -1.47502         320.044          298.43         321.198         300.066         614.128         595.549         615.868         596.581         917.939         901.268         915.419          897.19
#mod_ax                0               0               0               0               0               0               0               0               0               0               0               0               0               0               0               0
#mod_ay                0               0               0               0               0               0               0               0               0               0               0               0               0               0               0               0
#mod_az                0               0               0               0               0               0               0               0               0               0               0               0               0               0               0               0
#mod_x0         -7.38649        -6.69258        -6.10109        -4.79179         8.23187         4.88394         3.08815         1.81598         8.59192         9.14339         8.99648         10.5168        -8.25426        -7.84649        -7.23808        -8.12505
#mod_y0         -769.109        -257.469         255.232         766.305         -770.56        -257.991         253.675           766.1        -759.309        -247.351         263.056          776.81        -773.291         -261.32         251.652         762.845
#mod_z0          17.8263        -1.75293          13.352        -1.67058         321.609         298.025         323.174         299.329         614.994         594.722         616.699         595.152         918.941         900.775         915.318         896.433
#mod_ax                0               0               0               0               0               0               0               0               0               0               0               0               0               0               0               0
#mod_ay                0               0               0               0               0               0               0               0               0               0               0               0               0               0               0               0
#mod_az                0               0               0               0               0               0               0               0               0               0               0               0               0               0               0               0
#mod_x0         -7.76007        -6.81893        -6.11589        -4.77161         8.43847         4.93641         3.23683         1.81612         8.72356         9.13543         9.47622         10.4544        -8.30133        -7.91027         -7.5234        -8.17429
#mod_y0         -769.053         -257.64         255.103         766.214        -770.491        -257.888         253.426         766.075        -759.144        -247.014         263.936         777.022         -773.33        -261.555         251.167         762.652
#mod_z0          18.4377        -2.45066         14.1215        -2.29736         322.422         297.696          324.53         298.702         615.808         594.244         617.981           594.5         919.962         899.959         915.103         895.655
#mod_ax                0               0               0               0               0               0               0               0               0               0               0               0               0               0               0               0
#mod_ay                0               0               0               0               0               0               0               0               0               0               0               0               0               0               0               0
#mod_az                0               0               0               0               0               0               0               0               0               0               0               0               0               0               0               0
#mod_x0         -8.04873        -6.90327        -5.96793        -4.61305         8.75924         4.95989         3.23862         1.47126         8.57127         9.08939         9.63115         10.5807        -8.21997        -7.91531        -7.60267        -8.20724
#mod_y0         -768.932        -257.615         255.083         766.163        -770.592        -257.891         253.375         766.033        -759.099        -246.922         264.222         777.027        -773.318        -261.613         251.001         762.585
#mod_z0          18.7808        -2.99538         15.0816         -2.4871         322.114         297.267         325.439         299.393         615.014         593.906         618.751          595.74         920.354         899.251         915.197         895.021
#mod_ax       0.00403625     -0.00405472     -0.00353401      0.00522789      0.00836941     0.000382838      -0.0010592      0.00999801       0.0112946     -0.00388754    -0.000427397       0.0143315      0.00441957    -5.48212e-05     -0.00148604      0.00109995
#mod_ay      -0.00213283    -0.000102955    -0.000121986    -0.000372527      0.00257447    -0.000214413     0.000995868     -0.00106363      0.00104053    -0.000749468     0.000521544    -0.000168873    -7.89454e-06    -0.000608526    -0.000530832    -0.000375172
#mod_az      -0.00140304     -0.00223636      -0.0019378     -0.00218647      0.00488288      0.00552835      0.00441968       0.0042958     -0.00232977     -0.00137345      -0.0012857     -0.00176396     0.000113509    -7.80595e-05     0.000440272    -0.000140035
#mod_x0         -11.9097        -8.36744        -4.24065         -1.8784         6.05508         3.78622         4.29266         3.40376         8.10688         8.49846          9.9135         10.6218        -7.25658        -8.01272        -7.81407         -9.3815
#mod_y0         -767.347        -257.026         255.559         765.092        -769.245        -257.576         253.566         764.895        -758.102        -247.138         264.156         775.925        -772.537        -262.392         250.588         761.249
#mod_z0          20.6974        -12.0848           22.23        -8.08551         324.226         292.754         327.328         295.416         618.091          590.38         621.769         590.844         926.104         892.825         922.192         890.178
#mod_ax                0               0               0               0               0               0               0               0               0               0               0               0               0               0               0               0
#mod_ay                0               0               0               0               0               0               0               0               0               0               0               0               0               0               0               0
#mod_az                0               0               0               0               0               0               0               0               0               0               0               0               0               0               0               0
#mod_ax      -0.00104331     -0.00323146     -0.00293272     0.000495655      0.00641489     0.000410926     -0.00252719      0.00515887      0.00891745      -0.0015309     0.000297823        0.006598      0.00701332     0.000416097     0.000683592     -0.00158004
#mod_ay      0.000343175      0.00084928     0.000269041     -0.00459867      0.00303289     5.68407e-05      0.00187988     -0.00363143    -0.000262478     -0.00250234     0.000401299      -0.0036423     -0.00225463     -0.00528189     -0.00209271     -0.00528612
#mod_az      -0.00541265     -0.00540527     -0.00591207     -0.00647671      0.00492413      0.00605818      0.00425481      0.00415874     -0.00101439    -0.000134062     -0.00121127    -0.000462609      0.00424756      0.00296471      0.00305218      0.00302812
mod_x0         -6.61629        -5.41988        -3.98331        -4.16602         10.4827         5.41488          3.0383        -1.19004         11.0649         9.02059         7.37228         5.33864        -4.72348         -8.6047         -11.644        -16.2502         9.16541         4.12367       -0.762125        -5.67534
mod_y0         -767.913        -257.683         255.093         764.904        -769.772        -257.875         253.238         764.888        -758.107        -247.323         264.061         775.936        -772.241        -262.391         250.689         761.265        -771.867        -261.222         251.103         762.354
mod_z0          17.0994        -16.3218         19.6162        -12.8847         321.486         290.658         326.576         293.316         616.439         589.901         623.248         592.311         925.707          893.63         926.063         893.608         1193.73         1224.79         1193.12         1223.26
mod_ax         0.002742     0.000456367      0.00103161     0.000261846      0.00638385      0.00212899    -0.000592757     0.000311323      0.00673356      0.00223033      0.00137535      0.00252622      0.00569418     0.000530933     0.000541062    -6.32808e-06      0.00658234     -0.00337345     -0.00157379     0.000740875
mod_ay      -0.00152804    -0.000722132      -0.0022183     -0.00470308      0.00211999    -0.000947689     8.39812e-05     -0.00548407    -0.000135189     -0.00381277     -0.00158317     -0.00558786     -0.00212654     -0.00563169     -0.00381045     -0.00714282     -0.00300483     -0.00126334     -0.00463006     -0.00194073
mod_az      -0.00222417     -0.00124359     -0.00114828     -0.00163852      0.00822166       0.0108339       0.0094335      0.00842403      0.00231762      0.00397121      0.00410335      0.00395689      0.00736832      0.00675999      0.00782746      0.00669626      0.00755828      0.00941451       0.0101984      0.00870815
#fixmod 1 1 1 1    1 1 1 1    1 1 1 1    1 1 1 1    0 0 0 0
fixmod 0 0 0 0   0 0 0 0   0 0 1 0    0 0 0 0    0 0 0 0
mod_nstripsu  1536 1536 1536 1536 1536 1536 1536 1536 1536 1536 1536 1536 1536 1536 1536 1536 1536 1536 1536 1536
mod_nstripsv  1280 1280 1280 1280 1280 1280 1280 1280 1280 1280 1280 1280 1280 1280 1280 1280 1280 1280 1280 1280
mod_uplaneID 0 0 0 0 0 0 0 0 0 0 0 0 0 0 0 0 0 0 0 0
mod_vplaneID  1 1 1 1 1 1 1 1 1 1 1 1 1 1 1 1 1 1 1 1 
mod_ustrip_pitch 0.4 0.4 0.4 0.4 0.4 0.4 0.4 0.4 0.4 0.4 0.4 0.4 0.4 0.4 0.4 0.4 0.4 0.4 0.4 0.4
mod_vstrip_pitch 0.4 0.4 0.4 0.4 0.4 0.4 0.4 0.4 0.4 0.4 0.4 0.4 0.4 0.4 0.4 0.4 0.4 0.4 0.4 0.4
mod_Lx 614.4 614.4 614.4 614.4 614.4 614.4 614.4 614.4 614.4 614.4 614.4 614.4 614.4 614.4 614.4 614.4 614.4 614.4 614.4 614.4
mod_Ly 512.0 512.0 512.0 512.0 512.0 512.0 512.0 512.0 512.0 512.0 512.0 512.0 512.0 512.0 512.0 512.0 512.0 512.0 512.0 512.0
mod_uangle 0 0 0 0 0 0 0 0 0 0 0 0 0 0 0 0 0 0 0 0 
mod_vangle 90.0 90.0 90.0 90.0 90.0 90.0 90.0 90.0 90.0 90.0 90.0 90.0 90.0 90.0 90.0 90.0 90.0 90.0 90.0 90.0
offsetsonly 0
rotationsonly 0
#refmod 10
fixz 0
fixax 0
fixay 0
fixaz 0
niter 1
endconfig
TrackChi2NDF<100
endcut
