dataformat UVA
nlayers 5
nmodules 20
mod_layer 0 0 0 0 1 1 1 1 2 2 2 2 3 3 3 3 4 4 4 4
#mod_x0      0 0 0 0    0 0 0 0    0 0 0 0    0 0 0 0    0 0 0 0
#mod_y0      -750 -250 250 750     -750 -250 250 750     -750 -250 250 750     -750 -250 250 750     -750 -250 250 750          
#mod_z0      15 0 15 0     300 315 300 315     615 600 615 600      915 900 915 900     1200 1215 1200 1215
#mod_ax      0 0 0 0    0 0 0 0    0 0 0 0    0 0 0 0    0 0 0 0
#mod_ay   0 0 0 0    0 0 0 0    0 0 0 0    0 0 0 0    0 0 0 0
#mod_az      0 0 0 0    0 0 0 0    0 0 0 0    0 0 0 0    0 0 0 0
#mod_x0          9.62275          7.3899         5.01537         3.30588         9.12983         10.0873         10.9528         12.9059        -2.10312               0         2.69382         5.57187         2.10337         2.12722        0.275822        -2.93258         13.8632         11.8043         9.47802         7.22866
#mod_y0         -773.803        -265.998         247.026         753.673        -762.279        -255.763         254.186         763.913            -756            -250         258.705          767.61        -767.021        -259.536         249.272         757.476        -768.707        -261.087         247.498         756.152
#mod_z0          22.6938        -7.61054         13.6284        -12.4681         300.391         322.517         298.805         325.701         629.406             600         627.614         601.335         934.226         906.415         930.689         904.639         1211.56         1232.17         1207.23         1231.46
#mod_ax                0               0               0               0               0               0               0               0               0               0               0               0               0               0               0               0               0               0               0               0
#mod_ay                0               0               0               0               0               0               0               0               0               0               0               0               0               0               0               0               0               0               0               0
#mod_az                0               0               0               0               0               0               0               0               0               0               0               0               0               0               0               0               0               0               0               0
#mod_x0          12.0526         8.94176         6.38329         4.38511          11.286         12.4943         14.2564         15.2129        -2.51075               0         3.90289         6.89837         2.97402         1.24816         0.14606        -2.29414         17.5365         14.7097         11.8673         9.45447
#mod_y0          -781.89        -271.768         245.534         754.801        -766.199        -257.402         255.758         768.689         -758.73            -250         261.661         773.819        -772.528        -262.777         249.454         760.354        -775.557        -265.075         246.721         758.135
#mod_z0          21.6993        -10.8184         12.5282        -17.6634         298.006         324.297         297.341         325.937         631.337             600         629.265         601.059         938.294         906.581         935.948         906.112         1211.43         1236.93         1208.71         1237.24
#mod_ax                0               0               0               0               0               0               0               0               0               0               0               0               0               0               0               0               0               0               0               0
#mod_ay                0               0               0               0               0               0               0               0               0               0               0               0               0               0               0               0               0               0               0               0
#mod_az                0               0               0               0               0               0               0               0               0               0               0               0               0               0               0               0               0               0               0               0
#mod_x0          12.0526         8.94176         6.38329         4.38511          11.286         12.4943         14.2564         15.2129        -2.51075               0         3.90289         6.89837         2.97402         1.24816         0.14606        -2.29414         17.5365         14.7097         11.8673         9.45447
#mod_y0          -781.89        -271.768         245.534         754.801        -766.199        -257.402         255.758         768.689         -758.73            -250         261.661         773.819        -772.528        -262.777         249.454         760.354        -775.557        -265.075         246.721         758.135
#mod_y0          -768 -256 256 768     -768 -256 256 768     -768 -256 256 768     -768 -256 256 768     -768 -256 256 768
#mod_y0          -750 -250 250 750         -750 -250 250 750         -750 -250 250 750         -750 -250 250 750         -750 -250 250 750
#mod_y0   -772 -260 252 764    -767 -255 257 769     -762 -250 262 774     -769 -257 255 767     -770 -258 254 766
#mod_z0          21.6993        -10.8184         12.5282        -17.6634         298.006         324.297         297.341         325.937         631.337             600         629.265         601.059         938.294         906.581         935.948         906.112         1211.43         1236.93         1208.71         1237.24
#mod_ax                0               0               0               0               0               0               0               0               0               0               0               0               0               0               0               0               0               0               0               0
#mod_ay                0               0               0               0               0               0               0               0               0               0               0               0               0               0               0               0               0               0               0               0
#mod_az                0               0               0               0               0               0               0               0               0               0               0               0               0               0               0               0               0               0               0               0
#mod_x0          12.4399         9.31781         6.61765          4.7624         11.4811         12.7539         14.5265         15.6047        -2.52382               0          4.0821         7.18842         2.68654        0.989353        0.446064        -2.14516         17.5854         14.7529         12.3812          9.8765
#mod_y0         -773.486        -267.691          242.48         746.687        -764.332        -259.012         251.852         760.398        -758.068            -250           259.1          767.26        -773.569        -264.434         246.518         757.126        -778.097        -267.479         244.216         757.771
#mod_z0          13.6354        -15.7042         3.67557        -23.6044         290.871         321.275          290.13         322.941          628.71             600         630.273         600.024         939.608         907.025         940.554         903.658         1216.39         1245.36         1217.91         1242.24
#mod_ax                0               0               0               0               0               0               0               0               0               0               0               0               0               0               0               0               0               0               0               0
#mod_ay                0               0               0               0               0               0               0               0               0               0               0               0               0               0               0               0               0               0               0               0
#mod_az                0               0               0               0               0               0               0               0               0               0               0               0               0               0               0               0               0               0               0               0
#mod_x0          12.6343         9.50137         7.10956         4.84082         11.8321         12.9644         15.0468         15.6931        -2.26773               0         4.42428         7.26282         3.10101         1.21755        0.625825         -1.8287         17.9188         14.9162         12.5606         10.0257
#mod_y0         -786.569        -274.469          237.01         747.721        -768.905        -257.549         253.955         764.823        -761.914            -250         261.224         772.122        -777.432        -267.219         245.293         756.484        -781.652        -271.318         241.354         752.422
#mod_z0           12.112        -21.0158         8.98229        -24.8136         291.058         324.966         293.049         323.146         631.776             600          632.64         601.274         946.368         911.394         944.373         910.348         1221.76         1251.32          1219.2         1249.14
#mod_ax      0.000951168     -0.00642851      0.00204634     -0.00113923     6.36092e-05     -0.00227777      0.00307474     -0.00133894     0.000166737               0      0.00145925     -0.00122707    -5.61303e-05    -0.000940832    -0.000257937     -0.00141794     -0.00430762     -0.00199393     -0.00108961     -0.00857064
#mod_ay       0.00100922      0.00103175      0.00370922      0.00991276      0.00334209     0.000682221      0.00354193      0.00346111      0.00636809               0      0.00194392     0.000434328       0.0145333     -0.00276583    -0.000547432      -0.0073501       0.0135264      0.00180855     -0.00336252     -0.00561126
#mod_az       0.00413708      0.00978461      0.00435703      0.00702898     -0.00267223     0.000702189     -0.00249618      -0.0013583     -0.00530941               0        -0.00572     -0.00440896      0.00114143      0.00534623      0.00266464      0.00303107       0.0021453      0.00828937      0.00542287      0.00589212
#mod_x0          14.9185         8.86356          6.0899         4.69278         14.1028          12.577         13.9325         15.4689        0.226594               0         3.30312         7.06139         7.31564         1.59903       -0.818487        -3.34817         22.6593          15.697         10.8891         8.05606
#mod_y0         -787.559         -275.25         237.015         748.143        -769.276        -257.675         254.199         765.275        -762.012            -250         261.656          772.56        -777.787        -267.384         245.519         756.705          -781.7        -271.343         241.532         752.495
#mod_z0          7.71452        -24.8694         7.23717        -30.2247         288.818         323.445         291.588          319.08         631.604             600         632.216         598.504         948.608         913.319         945.309          908.38         1225.51         1255.66         1220.89         1248.49
#mod_ax      0.000693506     -0.00198103     -0.00357622     -0.00567454     0.000145587     -0.00187416      -0.0013798     -0.00626824      0.00272261               0     -0.00168785     -0.00463759    -0.000313148     -0.00245708      -0.0055188     -0.00745984     -0.00213525     -0.00455379     -0.00702687      -0.0101686
#mod_ay      0.000269819      0.00122142       0.0106802       0.0141715     0.000499923     0.000964752       0.0118703       0.0120085     6.41122e-05               0       0.0120424       0.0139549      0.00160519     -0.00333805       0.0110224      0.00744027    -0.000448404      0.00261027       0.0079977       0.0103023
#mod_az         0.010851        0.012232      0.00349652      0.00452367      0.00332282      0.00342702     -0.00293808     -0.00386243     3.44117e-05               0     -0.00561383     -0.00754889       0.0110525      0.00973707      0.00384247      0.00320084       0.0124308       0.0131543      0.00682789      0.00635242
mod_x0          14.9797         8.88987         5.93342          4.4851         14.1393         12.5944         13.8386          15.356        0.252132               0         3.28184         7.00053         7.32326         1.59556       -0.779588        -3.36743         22.6284         15.6597         10.9705         8.07138
mod_y0         -787.531         -275.26         237.076         748.111         -769.26        -257.679         254.247         765.287        -761.987            -250         261.717         772.566        -777.798        -267.411          245.59         756.744        -781.689        -271.418         241.622         752.575
mod_z0          7.59577        -25.1674         6.85125        -30.8766         288.909         323.288          291.38         318.768         631.636             600         632.042          598.26         948.631         913.515         945.317         908.514         1225.66         1255.89         1221.24         1248.83
mod_ax       0.00156032     -0.00191978     -0.00470096     -0.00609326     0.000283787     -0.00194333     -0.00194589     -0.00626155      0.00319838               0     -0.00197559     -0.00486506      0.00034187     -0.00261435     -0.00544711     -0.00665273     -0.00208128     -0.00480914     -0.00718865      -0.0091196
mod_ay     -0.000722484     0.000525706      0.00758276       0.0105844     0.000256922     0.000609908      0.00810932      0.00851466      0.00036853               0      0.00761365       0.0105764     0.000647319     -0.00207379      0.00666519      0.00490838     -0.00038078      0.00465103      0.00557574      0.00855004
mod_az        0.0108345       0.0123535      0.00344983      0.00462608       0.0033546      0.00346986     -0.00292527     -0.00385326     1.52152e-05               0      -0.0054839     -0.00750166       0.0110655      0.00963331      0.00391339      0.00335163       0.0122044       0.0129563      0.00701987      0.00654845
#
#
#mod_Ygain  0   10     0.885089  0.862371  0.892317  0.826812  0.901971  0.966961  0.936761  0.913753  0.901156  0.94537  
#mod_Xgain  0   12     1.0247  1.04552  1.08228  1.04705  1.12298  1.10374  1.07335  1.08342  1.0203  1.06402  1.01604  1.07697  
#mod_Ygain  1   10     0.921662  0.933235  0.909558  0.911454  0.974188  0.790048  0.759672  0.942528  0.900008  0.910518  
#mod_Xgain  1   12     0.778624  0.874677  1.0107  1.05897  1.07397  1.03045  1.09599  1.11025  1.06897  1.16355  1.15092  1.12679  
#mod_Ygain  2   10     0.795769  0.822483  0.771215  0.724934  0.767735  0.714421  0.757603  0.867458  0.840137  0.858333  
#mod_Xgain  2   12     1.13078  1.03241  1.10114  1.07179  1.1325  1.13763  1.10852  1.13244  1.10468  1.04992  1.02462  0.955834  
#mod_Ygain  3   10     0.77253  0.805654  0.996253  0.851439  0.937067  0.902211  0.877619  0.810047  0.781298  0.798718  
#mod_Xgain  3   12     1.09323  1.05231  1.07815  1.07485  1.13258  1.10761  1.07416  1.10689  1.08764  1.09329  0.973664  0.946085  
#mod_Ygain  4   10     0.442117  0.411  0.433794  0.483621  0.575401  0.595722  0.622195  0.594386  0.619248  0.549222  
#mod_Xgain  4   12     0.811905  0.810161  0.961406  0.909569  0.944604  0.917495  0.95671  1.05783  0.948617  0.903197  0.726787  1  
#mod_Ygain  5   10     0.602884  0.624918  0.482443  0.472371  0.416431  0.428415  0.419723  0.529183  0.500232  0.556046  
#mod_Xgain  5   12     0.642688  0.611429  0.702529  0.79978  0.92574  0.946399  0.958414  0.943977  0.946206  0.985375  0.99811  0.983953  
#mod_Ygain  6   10     0.631242  0.67438  0.402516  0.389582  0.373761  0.379251  0.444089  0.692134  0.619816  0.639014  
#mod_Xgain  6   12     0.901669  0.955876  0.990573  0.973647  0.946194  0.93323  0.917471  0.938593  0.961428  0.934904  0.876293  0.822683  
#mod_Ygain  7   10     0.642702  0.747741  0.656582  0.61575  0.606081  0.539205  0.627927  0.745434  0.660376  0.711565  
#mod_Xgain  7   12     1.04851  1.10547  1.14062  1.12155  1.08249  1.11277  1.13444  1.07295  0.916527  0.750651  0.636028  0.396587  
#mod_Ygain  8   10     0.808839  0.784616  0.818872  0.912115  0.891051  0.90604  0.887457  0.879535  0.863621  0.809041  
#mod_Xgain  8   12     0.786962  0.939117  1.0171  1.11341  1.07978  1.07959  1.11256  1.12297  1.13987  1.10252  1.08169  1  
#mod_Ygain  9   10     0.869662  0.906127  0.91752  0.87456  0.712469  0.73032  0.69894  0.814907  0.833961  0.774309  
#mod_Xgain  9   12     0.939619  0.985692  1.06968  1.11265  1.03153  1.04805  1.07919  1.12218  1.14122  1.10771  1.15564  1.10411  
#mod_Ygain  10   10     0.769094  0.767695  0.776105  0.599987  0.472227  0.458959  0.452816  0.490623  0.964824  0.785592  
#mod_Xgain  10   12     1.08496  1.0463  1.03448  0.982632  0.966052  0.97041  0.969235  0.973669  0.805776  0.477148  0.877787  0.77015  
#mod_Ygain  11   10     0.807229  0.742205  0.778732  0.764914  0.786174  0.722227  0.636485  0.627174  0.614702  0.663693  
#mod_Xgain  11   12     0.987693  1.04205  1.05426  1.1016  1.13406  1.09767  1.08153  1.10689  1.07573  0.995744  0.851523  1  
#mod_Ygain  12   10     0.694849  0.735658  0.761987  0.766721  0.745955  0.770108  0.730998  0.739488  0.684302  0.732017  
#mod_Xgain  12   12     0.870358  1.0333  1.11417  1.07417  1.09539  1.10275  1.12834  1.15033  1.07387  1  1  1  
#mod_Ygain  13   10     0.376712  0.417419  0.438144  0.438354  0.412444  0.464895  0.492456  0.503283  0.498641  0.40834  
#mod_Xgain  13   12     0.577769  0.670522  0.773409  0.921074  0.943042  0.973939  0.885227  0.786669  0.867036  0.871713  0.863817  0.866582  
#mod_Ygain  14   10     0.400153  0.44656  0.567732  0.49689  0.576005  0.580172  0.562884  0.465602  0.399723  0.435363  
#mod_Xgain  14   12     0.895516  0.974015  0.942123  0.951194  0.921199  0.890825  0.930014  0.861721  0.695622  0.614967  0.553217  0.476722  
#mod_Ygain  15   10     0.568634  0.57228  0.57247  0.578738  0.600615  0.633088  0.639048  0.626785  0.60137  0.586485  
#mod_Xgain  15   12     0.886828  0.97332  1.04285  1.08642  1.06648  1.13178  1.05815  0.99688  0.799566  0.589334  1  1  
#mod_Ygain  16   10     0.415023  0.376384  0.403964  0.358252  0.39395  0.356836  0.378183  0.399624  0.392404  0.374274  
#mod_Xgain  16   12     0.635928  0.755165  0.883982  0.987939  0.966593  0.930949  0.864982  0.946869  1  1  1  1  
#mod_Ygain  17   10     0.653482  0.703118  0.67346  0.674724  0.623509  0.774628  0.792398  0.656106  0.61775  0.581006  
#mod_Xgain  17   12     0.697865  0.849824  0.970224  1.05423  1.08613  1.08584  1.08995  1.10872  1.1454  1.16472  1.19509  1  
#mod_Ygain  18   10     0.473038  0.458509  0.778025  0.752427  0.813165  0.718504  0.752706  0.493813  0.442369  0.475886  
#mod_Xgain  18   12     1.02252  1.01872  1.00193  0.971636  0.947419  0.943905  0.897096  0.970163  0.893552  0.788701  0.722436  1  
#mod_Ygain  19   10     0.586866  0.584683  0.592104  0.58622  0.596084  0.604009  0.618746  0.612007  0.605866  0.603634  
#mod_Xgain  19   12     1.14894  1.08918  1.02561  1.05745  1.07618  1.0773  1.01508  1.00848  0.893142  0.850247  1  1  
#
mod_nstripsu  1536 1536 1536 1536 1536 1536 1536 1536 1536 1536 1536 1536 1536 1536 1536 1536 1536 1536 1536 1536
mod_nstripsv  1280 1280 1280 1280 1280 1280 1280 1280 1280 1280 1280 1280 1280 1280 1280 1280 1280 1280 1280 1280
mod_uplaneID 0 0 0 0 0 0 0 0 0 0 0 0 0 0 0 0 0 0 0 0
mod_vplaneID  1 1 1 1 1 1 1 1 1 1 1 1 1 1 1 1 1 1 1 1 
mod_ustrip_pitch 0.4 0.4 0.4 0.4 0.4 0.4 0.4 0.4 0.4 0.4 0.4 0.4 0.4 0.4 0.4 0.4 0.4 0.4 0.4 0.4
mod_vstrip_pitch 0.4 0.4 0.4 0.4 0.4 0.4 0.4 0.4 0.4 0.4 0.4 0.4 0.4 0.4 0.4 0.4 0.4 0.4 0.4 0.4
mod_Lx 614.4 614.4 614.4 614.4 614.4 614.4 614.4 614.4 614.4 614.4 614.4 614.4 614.4 614.4 614.4 614.4 614.4 614.4 614.4 614.4
mod_Ly 512.0 512.0 512.0 512.0 512.0 512.0 512.0 512.0 512.0 512.0 512.0 512.0 512.0 512.0 512.0 512.0 512.0 512.0 512.0 512.0
mod_uangle 0 0 0 0 0 0 0 0 0 0 0 0 0 0 0 0 0 0 0 0 
mod_vangle 90.0 90.0 90.0 90.0 90.0 90.0 90.0 90.0 90.0 90.0 90.0 90.0 90.0 90.0 90.0 90.0 90.0 90.0 90.0 90.0
eventdisplay 0
maxstripsperclusterX 10
maxstripsperclusterY 10
maxcor_threshold  -1.1
stripcor_threshold -1.1
clustcor_threshold -1.1
clust2D_ADCasymcut 1.1
clust2D_dTcut 30.0
#threshold_maxsample 0.0
#threshold_stripsum 0.0
#threshold_clustersum 0.0
threshold_maxsample 50.0
threshold_stripsum  200.0
threshold_clustersum 600.0
trackchi2cut 300.0
trackmaxradius 30.0 # mm, max radial separation between hit and projection of track from previous layers to add hit to track.
#trackmaxslopeX 1.0
#trackmaxslopeY 1.0
#maxADCXYthreshold 1000.0
tstripcut_nsigma 10000.0
NMAX 30000
TrackingAlgorithm 2
maxhitcombos 10000
NMAX 10000000
maxneighborsx 5
maxneighborsy 5
eventdisplay 0
firstevent 0
trackmaxslopeX 0.5
trackmaxslopeY 1.2
endconfig
