nlayers 4
nmodules 12
niter 100
mod_layer 2 2 2 0 0 0 3 3 3 1 1 1
# X, Y, and Z offsets are given in mm:
# Original offsets:
#mod_x0         -528.475         5.92485         542.001        -533.955               0         535.577        -535.597       -0.868623         535.783        -529.571         5.71891          540.78
#mod_y0        0.221188         4.1351        7.60966        9.31246        7.51945        6.31824         -1.04381        6.99902        14.2648         -3.55826         -1.72877       0.480091
#mod_z0          764.402         765.271         766.259         -1.8839               0        0.202398         1171.15         1173.28         1176.12         404.432          406.15          406.61
#mod_ax                0               0               0               0               0               0               0               0               0               0               0               0
#mod_ay                0               0               0               0               0               0               0               0               0               0               0               0
#mod_az                0               0               0               0               0               0               0               0               0               0               0               0
#mod_ax       0.00399335      0.00448412      0.00353885      0.00115617               0      0.00198932      0.00152573     0.000352915    -0.000167673      0.00362237      0.00228777       0.0019185
#mod_ay      0.000745212     -0.00108606     -0.00385482      -0.0024346               0     -0.00128462      -0.0017687     -0.00253941     -0.00806926    -0.000400553     -0.00363412     -0.00250715
#mod_az      -0.00832192     -0.00644866     -0.00610565      0.00263735               0      0.00197217      -0.0145253      -0.0166751      -0.0124886     -0.00200032     -0.00401623     -0.00561266
mod_x0         -528.512         5.88409         541.956        -534.014      0.00791206          535.63        -535.601       -0.914776         535.679        -529.653          5.6691         540.769
mod_y0          2.29212          4.1129         5.63797         11.5528         7.51718         4.19459        0.976544         6.99793          12.359        -1.42091        -1.75425        -1.55606
mod_z0          765.077         765.474         764.911        -1.22445       0.0934058        -1.00214         1171.87         1173.65         1174.92          405.24         406.291         405.297
mod_ax      -0.00450854     -0.00546405     -0.00572972     -0.00269409    -0.000721995     -0.00200549     -0.00198698     -0.00132322      -0.0023666     -0.00470113     -0.00326954     -0.00320377
mod_ay       0.00076891     0.000669011     0.000166496     -0.00139444      0.00132493      0.00127395     -0.00186258    -0.000832273     -0.00392451     0.000710368     -0.00197259      0.00110462
mod_az       0.00465572      0.00232031      0.00290596     -0.00636374     -0.00609416      -0.0052837       0.0110088       0.0126753      0.00949187     -0.00169306    -0.000713985      0.00237458
#mod_x0         -528.513         5.80487         541.959        -533.909               0         535.511        -535.562       -0.924746         535.806        -529.624          5.6371         540.697
#mod_y0          3.19479         4.10342         4.75943         11.4706         7.51945         4.24323         2.39667         6.99979         11.1116        -1.12078        -1.75589        -1.99041
#mod_z0          765.206         765.534         765.048         -1.0028               0       -0.798696         1171.97         1173.67         1174.95         405.326         406.235         405.569
#mod_ax      -0.00252377     -0.00359986     -0.00231192      0.00104335               0     -0.00378167     -0.00084349     0.000223178     0.000300931      -0.0018613      -0.0021377      -0.0015336
#mod_ay       0.00129855      0.00086272    -8.14161e-05     -0.00118262               0     0.000718878     -0.00110981     -0.00145735       -0.001919     0.000600438     -0.00129454     0.000314597
#mod_az       0.00180749      0.00165085     0.000196986     -0.00750814               0     -0.00678091      0.00666416       0.0112154      0.00568951     -0.00342273     0.000714541     0.000159482
#mod_x0         -528.523         5.83588         541.987        -533.923               0         535.557         -535.61       -0.937285         535.798        -529.634           5.661         540.734
#mod_y0          2.85823         4.10957         5.09342         11.4739         7.51945         4.26266         1.85674         6.98822         11.5967        -1.20997        -1.75207        -1.82477
#mod_z0          765.214         765.515         765.057        -1.05356               0       -0.801176         1172.01         1173.66         1174.97         405.292         406.237         405.532
#mod_ax      -0.00252377     -0.00359986     -0.00231192      0.00104335               0     -0.00378167     -0.00084349     0.000223178     0.000300931      -0.0018613      -0.0021377      -0.0015336
#mod_ay       0.00129855      0.00086272    -8.14161e-05     -0.00118262               0     0.000718878     -0.00110981     -0.00145735       -0.001919     0.000600438     -0.00129454     0.000314597
#mod_az       0.00180749      0.00165085     0.000196986     -0.00750814               0     -0.00678091      0.00666416       0.0112154      0.00568951     -0.00342273     0.000714541     0.000159482
#mod_x0         -528.524         5.87569         541.983            -534      0.00661903         535.623        -535.606       -0.926278         535.716        -529.657          5.6687         540.771
#mod_y0          2.33308         4.11619         5.60544         11.4909         7.51434          4.2495         1.07372         7.00042         12.2844         -1.4306        -1.75194        -1.55548
#mod_z0           765.19         765.491         764.961        -1.14659       0.0307099       -0.980481         1171.97         1173.62         1174.91         405.278         406.255         405.381
#mod_ax       -0.0037255     -0.00501149     -0.00506655     -0.00193352    -0.000556235     -0.00204301     -0.00135651     -0.00088255     -0.00174632     -0.00393197     -0.00297314     -0.00263602
#mod_ay       0.00110322     0.000808765    -1.16286e-05    -0.000977249      0.00105813      0.00127584     -0.00137897     -0.00102287     -0.00344487     0.000789275     -0.00181769     0.000650521
#mod_az       0.00434619      0.00240075      0.00262653     -0.00651154     -0.00503773     -0.00541121       0.0104994       0.0126604      0.00904974     -0.00191642     -0.00035583      0.00211726
# u strip angle relative to X axis: under u = X, v = Y convention, uangle = 0 and vangle=90
mod_uangle 0.0 0.0 0.0 0.0 0.0 0.0 0.0 0.0 0.0 0.0 0.0 0.0
# Setting the "V" strip angle to -90 degrees amounts to reversing the direction of the Y axis (I hope):
mod_vangle -90.0 -90.0 -90.0 -90.0 -90.0 -90.0 -90.0 -90.0 -90.0 -90.0 -90.0 -90.0 
eventdisplay 0
clustersigma 0.4
clustertau 54.0
varyclustersigma 0
varyclustertau 0
maxstripspercluster 100
maxcor_threshold 0.5
stripcor_threshold 0.25
clustcor_threshold 0.0
clust2D_ADCasymcut 1.1
clust2D_dTcut 1000.0
threshold_maxsample 50.0
threshold_stripsum 200.0
threshold_clustersum 600.0
#threshold_maxsample 75.0
#threshold_stripsum  300.0
#threshold_clustersum 750.0
offsetsonly 0
rotationsonly 0
refmod -1
endconfig
#TrackChi2NDF<300.0&&TrackNhits==4&&Ncluster[0]==1&&Ncluster[1]==1&&Ncluster[2]==1&&Ncluster[3]==1
#TrackChi2NDF<100.0&&TrackNhits==4&&Ncluster[0]==1&&Ncluster[1]==1&&Ncluster[2]==1&&Ncluster[3]==1
TrackChi2NDF<300.0&&TrackNhits==4
endcut
